pg1 0 1000000 3926
pg1 1000000 2000000 1747
pg1 2000000 3000000 3552
pg1 3000000 4000000 2618
pg1 4000000 5000000 2566
pg1 5000000 6000000 2038
pg1 6000000 7000000 2614
pg1 7000000 8000000 4209
pg1 8000000 9000000 2450
pg1 9000000 10000000 1731
pg1 10000000 11000000 2879
pg1 11000000 12000000 4376
pg1 12000000 13000000 5533
pg1 13000000 14000000 2470
pg1 14000000 15000000 1716
pg1 15000000 16000000 1292
pg1 16000000 17000000 1924
pg1 17000000 18000000 3578
pg1 18000000 19000000 4996
pg1 19000000 20000000 4079
pg1 20000000 21000000 4639
pg1 21000000 22000000 3800
pg1 22000000 23000000 2354
pg1 23000000 24000000 2351
pg1 24000000 25000000 3250
pg1 25000000 26000000 2710
pg1 26000000 27000000 2751
pg1 27000000 28000000 3502
pg1 28000000 29000000 1891
pg1 29000000 30000000 1644
pg1 30000000 31000000 2690
pg1 31000000 32000000 2218
pg1 32000000 33000000 1661
pg1 33000000 34000000 598
pg1 34000000 35000000 3696
pg1 35000000 36000000 1771
pg1 36000000 37000000 2056
pg1 37000000 38000000 1316
pg1 38000000 39000000 3716
pg1 39000000 40000000 2732
pg1 40000000 41000000 950
pg1 41000000 42000000 1738
pg1 42000000 43000000 2486
pg1 43000000 44000000 2165
pg1 44000000 45000000 4727
pg1 45000000 46000000 1833
pg1 46000000 47000000 4650
pg1 47000000 48000000 2278
pg1 48000000 49000000 4399
pg1 49000000 50000000 1368
pg1 50000000 51000000 2689
pg1 51000000 52000000 2434
pg1 52000000 53000000 4122
pg1 53000000 54000000 3151
pg1 54000000 55000000 2350
pg1 55000000 56000000 4052
pg1 56000000 57000000 3121
pg1 57000000 58000000 2295
pg1 58000000 59000000 2809
pg1 59000000 60000000 3194
pg1 60000000 61000000 1418
pg1 61000000 62000000 1773
pg1 62000000 63000000 4336
pg1 63000000 64000000 3216
pg1 64000000 65000000 2474
pg1 65000000 66000000 2441
pg1 66000000 67000000 2957
pg1 67000000 68000000 3834
pg1 68000000 69000000 2638
pg1 69000000 70000000 2801
pg1 70000000 71000000 3917
pg1 71000000 72000000 4778
pg1 72000000 73000000 3449
pg1 73000000 74000000 519
pg1 74000000 75000000 3288
pg1 75000000 76000000 3570
pg1 76000000 77000000 2337
pg1 77000000 78000000 2516
pg1 78000000 79000000 3733
pg1 79000000 80000000 23
pg1 80000000 81000000 3105
pg1 81000000 82000000 1090
pg1 82000000 83000000 2419
pg1 83000000 84000000 1389
pg1 84000000 85000000 2141
pg1 85000000 86000000 3298
pg1 86000000 87000000 5296
pg1 87000000 88000000 3794
pg1 88000000 89000000 1644
pg1 89000000 89643857 644
pg2 0 1000000 3856
pg2 1000000 2000000 1304
pg2 2000000 3000000 2869
pg2 3000000 4000000 3866
pg2 4000000 5000000 3417
pg2 5000000 6000000 2792
pg2 6000000 7000000 493
pg2 7000000 8000000 3642
pg2 8000000 9000000 2808
pg2 9000000 10000000 4378
pg2 10000000 11000000 4773
pg2 11000000 12000000 2166
pg2 12000000 13000000 999
pg2 13000000 14000000 2474
pg2 14000000 15000000 663
pg2 15000000 16000000 1287
pg2 16000000 17000000 2961
pg2 17000000 18000000 1628
pg2 18000000 19000000 3063
pg2 19000000 20000000 1626
pg2 20000000 21000000 2014
pg2 21000000 22000000 1797
pg2 22000000 23000000 827
pg2 23000000 24000000 4801
pg2 24000000 25000000 2311
pg2 25000000 26000000 1660
pg2 26000000 27000000 2300
pg2 27000000 28000000 4320
pg2 28000000 29000000 2903
pg2 29000000 30000000 1661
pg2 30000000 31000000 975
pg2 31000000 32000000 2380
pg2 32000000 33000000 3531
pg2 33000000 34000000 2364
pg2 34000000 35000000 3321
pg2 35000000 36000000 3432
pg2 36000000 37000000 1745
pg2 37000000 38000000 3399
pg2 38000000 39000000 1689
pg2 39000000 40000000 1780
pg2 40000000 41000000 3793
pg2 41000000 42000000 2379
pg2 42000000 43000000 1526
pg2 43000000 44000000 2658
pg2 44000000 45000000 2621
pg2 45000000 46000000 4935
pg2 46000000 47000000 906
pg2 47000000 48000000 3672
pg2 48000000 49000000 5160
pg2 49000000 50000000 2255
pg2 50000000 51000000 6298
pg2 51000000 52000000 5537
pg2 52000000 53000000 4526
pg2 53000000 54000000 3588
pg2 54000000 55000000 4420
pg2 55000000 56000000 2189
pg2 56000000 57000000 2528
pg2 57000000 58000000 1623
pg2 58000000 59000000 4445
pg2 59000000 60000000 2888
pg2 60000000 61000000 4629
pg2 61000000 62000000 3583
pg2 62000000 63000000 1989
pg2 63000000 64000000 202
pg2 64000000 65000000 2176
pg2 65000000 66000000 3534
pg2 66000000 67000000 1416
pg2 67000000 68000000 1082
pg2 68000000 69000000 1999
pg2 69000000 69596280 1324
pg3 0 1000000 2565
pg3 1000000 2000000 3305
pg3 2000000 3000000 1888
pg3 3000000 4000000 1327
pg3 4000000 5000000 2619
pg3 5000000 6000000 315
pg3 6000000 7000000 3600
pg3 7000000 8000000 4315
pg3 8000000 9000000 1936
pg3 9000000 10000000 2965
pg3 10000000 11000000 850
pg3 11000000 12000000 1669
pg3 12000000 13000000 4839
pg3 13000000 14000000 3248
pg3 14000000 15000000 3454
pg3 15000000 16000000 2413
pg3 16000000 17000000 3184
pg3 17000000 18000000 1866
pg3 18000000 19000000 5119
pg3 19000000 20000000 3671
pg3 20000000 21000000 3401
pg3 21000000 22000000 2339
pg3 22000000 23000000 2436
pg3 23000000 24000000 815
pg3 24000000 25000000 627
pg3 25000000 26000000 4914
pg3 26000000 27000000 1587
pg3 27000000 28000000 2917
pg3 28000000 29000000 2305
pg3 29000000 30000000 2086
pg3 30000000 31000000 2539
pg3 31000000 32000000 3229
pg3 32000000 33000000 1608
pg3 33000000 34000000 2255
pg3 34000000 35000000 3830
pg3 35000000 36000000 2596
pg3 36000000 37000000 1975
pg3 37000000 38000000 3586
pg3 38000000 39000000 723
pg3 39000000 40000000 2746
pg3 40000000 41000000 4450
pg3 41000000 42000000 3957
pg3 42000000 43000000 528
pg3 43000000 44000000 1943
pg3 44000000 45000000 2463
pg3 45000000 46000000 2014
pg3 46000000 47000000 171
pg3 47000000 48000000 1192
pg3 48000000 49000000 1438
pg3 49000000 50000000 2561
pg3 50000000 51000000 1634
pg3 51000000 52000000 3647
pg3 52000000 53000000 2260
pg3 53000000 54000000 2796
pg3 54000000 55000000 1073
pg3 55000000 56000000 2618
pg3 56000000 57000000 3196
pg3 57000000 57743597 399
pg4 0 1000000 2083
pg4 1000000 2000000 2293
pg4 2000000 3000000 1003
pg4 3000000 4000000 2106
pg4 4000000 5000000 4165
pg4 5000000 6000000 1684
pg4 6000000 7000000 1379
pg4 7000000 8000000 1018
pg4 8000000 9000000 2706
pg4 9000000 10000000 715
pg4 10000000 11000000 2647
pg4 11000000 12000000 2165
pg4 12000000 13000000 5012
pg4 13000000 14000000 3985
pg4 14000000 15000000 1639
pg4 15000000 16000000 1696
pg4 16000000 17000000 2681
pg4 17000000 18000000 747
pg4 18000000 19000000 1344
pg4 19000000 20000000 1086
pg4 20000000 21000000 1859
pg4 21000000 22000000 443
pg4 22000000 23000000 2194
pg4 23000000 24000000 1320
pg4 24000000 25000000 852
pg4 25000000 26000000 4548
pg4 26000000 27000000 1455
pg4 27000000 28000000 2202
pg4 28000000 29000000 2787
pg4 29000000 30000000 3191
pg4 30000000 31000000 97
pg4 31000000 32000000 1822
pg4 32000000 33000000 1971
pg4 33000000 34000000 3761
pg4 34000000 35000000 2377
pg4 35000000 36000000 4397
pg4 36000000 37000000 722
pg4 37000000 38000000 989
pg4 38000000 39000000 514
pg4 39000000 40000000 491
pg4 40000000 41000000 2849
pg4 41000000 42000000 711
pg4 42000000 43000000 1694
pg4 43000000 44000000 2227
pg4 44000000 45000000 1944
pg4 45000000 46000000 1790
pg4 46000000 47000000 654
pg4 47000000 48000000 13
pg4 48000000 49000000 592
pg4 49000000 50000000 1703
pg4 50000000 51000000 558
pg4 51000000 52000000 3797
pg4 52000000 53000000 2141
pg4 53000000 54000000 1081
pg4 54000000 55000000 2176
pg4 55000000 56000000 2418
pg4 56000000 57000000 2495
pg4 57000000 58000000 1429
pg4 58000000 59000000 3408
pg4 59000000 60000000 1795
pg4 60000000 61000000 1005
pg4 61000000 62000000 2536
pg4 62000000 63000000 512
pg4 63000000 64000000 51
pg4 64000000 65000000 4759
pg4 65000000 65288255 952
pg5 0 1000000 1227
pg5 1000000 2000000 1368
pg5 2000000 3000000 2172
pg5 3000000 4000000 67
pg5 4000000 5000000 45
pg5 5000000 6000000 230
pg5 6000000 7000000 73
pg5 7000000 8000000 365
pg5 8000000 9000000 72
pg5 9000000 10000000 136
pg5 10000000 11000000 54
pg5 11000000 12000000 1615
pg5 12000000 13000000 1084
pg5 13000000 14000000 2032
pg5 14000000 15000000 52
pg5 15000000 16000000 1669
pg5 16000000 17000000 3352
pg5 17000000 18000000 1835
pg5 18000000 19000000 4173
pg5 19000000 20000000 1955
pg5 20000000 21000000 3149
pg5 21000000 22000000 2283
pg5 22000000 23000000 849
pg5 23000000 24000000 1902
pg5 24000000 25000000 447
pg5 25000000 26000000 1286
pg5 26000000 27000000 1869
pg5 27000000 28000000 2470
pg5 28000000 29000000 967
pg5 29000000 30000000 2186
pg5 30000000 31000000 1730
pg5 31000000 32000000 3144
pg5 32000000 33000000 2066
pg5 33000000 34000000 2096
pg5 34000000 35000000 1686
pg5 35000000 36000000 2259
pg5 36000000 37000000 1992
pg5 37000000 38000000 2356
pg5 38000000 39000000 3348
pg5 39000000 40000000 1816
pg5 40000000 41000000 2643
pg5 41000000 42000000 1401
pg5 42000000 43000000 4058
pg5 43000000 44000000 2403
pg5 44000000 45000000 2279
pg5 45000000 46000000 2742
pg5 46000000 47000000 4043
pg5 47000000 48000000 1493
pg5 48000000 49000000 1384
pg5 49000000 50000000 4295
pg5 50000000 51000000 3943
pg5 51000000 52000000 2482
pg5 52000000 53000000 624
pg5 53000000 54000000 679
pg5 54000000 55000000 1334
pg5 55000000 56000000 478
pg5 56000000 57000000 281
pg5 57000000 58000000 145
pg5 58000000 59000000 2434
pg5 59000000 60000000 6973
pg5 60000000 61000000 3499
pg5 61000000 62000000 2730
pg5 62000000 63000000 3206
pg5 63000000 64000000 1759
pg5 64000000 65000000 2014
pg5 65000000 66000000 4369
pg5 66000000 67000000 1752
pg5 67000000 67248332 1367
pg6 0 1000000 746
pg6 1000000 2000000 924
pg6 2000000 3000000 3125
pg6 3000000 4000000 2762
pg6 4000000 5000000 2616
pg6 5000000 6000000 4038
pg6 6000000 7000000 2334
pg6 7000000 8000000 1142
pg6 8000000 9000000 3650
pg6 9000000 10000000 2569
pg6 10000000 11000000 2024
pg6 11000000 12000000 2626
pg6 12000000 13000000 2434
pg6 13000000 14000000 2217
pg6 14000000 15000000 3952
pg6 15000000 16000000 960
pg6 16000000 17000000 998
pg6 17000000 18000000 3248
pg6 18000000 19000000 249
pg6 19000000 20000000 1240
pg6 20000000 21000000 717
pg6 21000000 22000000 2135
pg6 22000000 23000000 1946
pg6 23000000 24000000 890
pg6 24000000 25000000 2427
pg6 25000000 26000000 3039
pg6 26000000 27000000 1197
pg6 27000000 28000000 3835
pg6 28000000 29000000 2189
pg6 29000000 30000000 1112
pg6 30000000 31000000 1274
pg6 31000000 32000000 1607
pg6 32000000 33000000 2037
pg6 33000000 34000000 1153
pg6 34000000 35000000 3216
pg6 35000000 36000000 1889
pg6 36000000 37000000 3149
pg6 37000000 38000000 4070
pg6 38000000 39000000 1882
pg6 39000000 40000000 2747
pg6 40000000 41000000 353
pg6 41000000 42000000 1405
pg6 42000000 43000000 3032
pg6 43000000 44000000 3735
pg6 44000000 45000000 2606
pg6 45000000 46000000 2367
pg6 46000000 47000000 1219
pg6 47000000 48000000 961
pg6 48000000 49000000 3147
pg6 49000000 50000000 2997
pg6 50000000 51000000 666
pg6 51000000 52000000 1046
pg6 52000000 53000000 2514
pg6 53000000 54000000 1998
pg6 54000000 55000000 2303
pg6 55000000 56000000 2614
pg6 56000000 57000000 2833
pg6 57000000 58000000 2053
pg6 58000000 59000000 710
pg6 59000000 60000000 1544
pg6 60000000 61000000 2215
pg6 61000000 61759565 2948
pg7 0 1000000 2982
pg7 1000000 2000000 3470
pg7 2000000 3000000 3572
pg7 3000000 4000000 3454
pg7 4000000 5000000 771
pg7 5000000 6000000 3387
pg7 6000000 7000000 2257
pg7 7000000 8000000 3688
pg7 8000000 9000000 3650
pg7 9000000 10000000 2126
pg7 10000000 11000000 2286
pg7 11000000 12000000 2982
pg7 12000000 13000000 2217
pg7 13000000 14000000 2414
pg7 14000000 15000000 2541
pg7 15000000 16000000 347
pg7 16000000 17000000 479
pg7 17000000 18000000 22
pg7 18000000 19000000 746
pg7 19000000 20000000 1667
pg7 20000000 21000000 2224
pg7 21000000 22000000 923
pg7 22000000 23000000 3321
pg7 23000000 24000000 3230
pg7 24000000 25000000 2741
pg7 25000000 26000000 3592
pg7 26000000 27000000 2413
pg7 27000000 28000000 2347
pg7 28000000 29000000 2714
pg7 29000000 30000000 3339
pg7 30000000 31000000 2014
pg7 31000000 32000000 3935
pg7 32000000 33000000 1715
pg7 33000000 34000000 2129
pg7 34000000 35000000 1491
pg7 35000000 36000000 2170
pg7 36000000 37000000 4427
pg7 37000000 38000000 5489
pg7 38000000 39000000 4832
pg7 39000000 40000000 3710
pg7 40000000 41000000 2455
pg7 41000000 42000000 2215
pg7 42000000 43000000 1284
pg7 43000000 43120122 212
pg8 0 1000000 1120
pg8 1000000 2000000 886
pg8 2000000 3000000 2911
pg8 3000000 4000000 3928
pg8 4000000 5000000 2798
pg8 5000000 6000000 3603
pg8 6000000 7000000 4362
pg8 7000000 8000000 3134
pg8 8000000 9000000 5559
pg8 9000000 10000000 2629
pg8 10000000 11000000 2223
pg8 11000000 12000000 2617
pg8 12000000 13000000 1741
pg8 13000000 14000000 1960
pg8 14000000 15000000 1312
pg8 15000000 16000000 2505
pg8 16000000 17000000 1073
pg8 17000000 18000000 3750
pg8 18000000 19000000 1630
pg8 19000000 20000000 3608
pg8 20000000 21000000 3463
pg8 21000000 22000000 634
pg8 22000000 23000000 808
pg8 23000000 24000000 3660
pg8 24000000 25000000 1861
pg8 25000000 26000000 2541
pg8 26000000 27000000 5201
pg8 27000000 28000000 4198
pg8 28000000 29000000 1258
pg8 29000000 30000000 2653
pg8 30000000 31000000 2106
pg8 31000000 32000000 2444
pg8 32000000 33000000 2891
pg8 33000000 34000000 2812
pg8 34000000 35000000 2495
pg8 35000000 36000000 2104
pg8 36000000 37000000 2509
pg8 37000000 38000000 1626
pg8 38000000 39000000 286
pg8 39000000 40000000 2627
pg8 40000000 41000000 3111
pg8 41000000 42000000 2681
pg8 42000000 43000000 1630
pg8 43000000 44000000 2975
pg8 44000000 45000000 6084
pg8 45000000 46000000 3225
pg8 46000000 47000000 2258
pg8 47000000 48000000 3245
pg8 48000000 49000000 1797
pg8 49000000 50000000 2065
pg8 50000000 51000000 1106
pg8 51000000 52000000 1798
pg8 52000000 53000000 1863
pg8 53000000 54000000 4929
pg8 54000000 55000000 2529
pg8 55000000 56000000 2254
pg8 56000000 57000000 1679
pg8 57000000 58000000 2076
pg8 58000000 59000000 2744
pg8 59000000 60000000 3021
pg8 60000000 61000000 978
pg8 61000000 61151155 194
pg9 0 1000000 911
pg9 1000000 2000000 2619
pg9 2000000 3000000 4087
pg9 3000000 4000000 3242
pg9 4000000 5000000 3879
pg9 5000000 6000000 1121
pg9 6000000 7000000 1668
pg9 7000000 8000000 2580
pg9 8000000 9000000 2289
pg9 9000000 10000000 1170
pg9 10000000 11000000 651
pg9 11000000 12000000 336
pg9 12000000 13000000 823
pg9 13000000 14000000 544
pg9 14000000 15000000 1133
pg9 15000000 16000000 1531
pg9 16000000 17000000 4323
pg9 17000000 18000000 2971
pg9 18000000 19000000 1878
pg9 19000000 20000000 2051
pg9 20000000 21000000 1686
pg9 21000000 22000000 2560
pg9 22000000 23000000 916
pg9 23000000 24000000 2671
pg9 24000000 25000000 4858
pg9 25000000 26000000 2412
pg9 26000000 27000000 2902
pg9 27000000 28000000 927
pg9 28000000 29000000 1865
pg9 29000000 30000000 3079
pg9 30000000 31000000 2260
pg9 31000000 32000000 2085
pg9 32000000 33000000 2878
pg9 33000000 34000000 3006
pg9 34000000 35000000 3101
pg9 35000000 36000000 1422
pg9 36000000 37000000 2254
pg9 37000000 38000000 5185
pg9 38000000 38581958 2581
pg10 0 1000000 4175
pg10 1000000 2000000 2955
pg10 2000000 3000000 2564
pg10 3000000 4000000 2868
pg10 4000000 5000000 971
pg10 5000000 6000000 2137
pg10 6000000 7000000 4381
pg10 7000000 8000000 3075
pg10 8000000 9000000 2807
pg10 9000000 10000000 3234
pg10 10000000 11000000 5224
pg10 11000000 12000000 3150
pg10 12000000 13000000 4124
pg10 13000000 14000000 3502
pg10 14000000 15000000 2419
pg10 15000000 16000000 936
pg10 16000000 17000000 668
pg10 17000000 18000000 2204
pg10 18000000 19000000 1608
pg10 19000000 20000000 3292
pg10 20000000 21000000 2922
pg10 21000000 22000000 2406
pg10 22000000 23000000 2606
pg10 23000000 24000000 3168
pg10 24000000 25000000 4342
pg10 25000000 26000000 4216
pg10 26000000 27000000 1744
pg10 27000000 28000000 4864
pg10 28000000 29000000 2060
pg10 29000000 30000000 2789
pg10 30000000 31000000 3742
pg10 31000000 32000000 3563
pg10 32000000 33000000 4096
pg10 33000000 34000000 2120
pg10 34000000 35000000 1100
pg10 35000000 36000000 1128
pg10 36000000 37000000 1103
pg10 37000000 38000000 1586
pg10 38000000 39000000 1829
pg10 39000000 40000000 1352
pg10 40000000 41000000 3076
pg10 41000000 42000000 4422
pg10 42000000 43000000 3526
pg10 43000000 44000000 2601
pg10 44000000 45000000 4772
pg10 45000000 46000000 2289
pg10 46000000 47000000 2864
pg10 47000000 48000000 893
pg10 48000000 49000000 1647
pg10 49000000 50000000 3004
pg10 50000000 51000000 2123
pg10 51000000 52000000 1270
pg10 52000000 53000000 1245
pg10 53000000 53961475 1010
pg11 0 1000000 1607
pg11 1000000 2000000 1676
pg11 2000000 3000000 1343
pg11 3000000 4000000 10
pg11 4000000 5000000 48
pg11 5000000 6000000 2200
pg11 6000000 7000000 1183
pg11 7000000 8000000 1656
pg11 8000000 9000000 1515
pg11 9000000 10000000 5511
pg11 10000000 11000000 2401
pg11 11000000 12000000 914
pg11 12000000 13000000 1309
pg11 13000000 14000000 756
pg11 14000000 15000000 2721
pg11 15000000 16000000 1536
pg11 16000000 17000000 678
pg11 17000000 18000000 2177
pg11 18000000 19000000 2785
pg11 19000000 20000000 125
pg11 20000000 21000000 2190
pg11 21000000 22000000 1785
pg11 22000000 23000000 3550
pg11 23000000 24000000 1154
pg11 24000000 25000000 2786
pg11 25000000 26000000 7
pg11 26000000 27000000 2059
pg11 27000000 28000000 1158
pg11 28000000 29000000 3096
pg11 29000000 30000000 3750
pg11 30000000 31000000 2806
pg11 31000000 32000000 3100
pg11 32000000 33000000 889
pg11 33000000 34000000 2197
pg11 34000000 35000000 2733
pg11 35000000 36000000 647
pg11 36000000 37000000 2923
pg11 37000000 38000000 4253
pg11 38000000 39000000 585
pg11 39000000 40000000 3693
pg11 40000000 41000000 2285
pg11 41000000 42000000 1844
pg11 42000000 43000000 1812
pg11 43000000 44000000 445
pg11 44000000 45000000 834
pg11 45000000 46000000 1922
pg11 46000000 47000000 2601
pg11 47000000 48000000 2544
pg11 48000000 49000000 802
pg11 49000000 50000000 833
pg11 50000000 51000000 2583
pg11 51000000 51449921 38
pg12 0 1000000 2322
pg12 1000000 2000000 2875
pg12 2000000 3000000 4271
pg12 3000000 4000000 3077
pg12 4000000 5000000 2140
pg12 5000000 6000000 1408
pg12 6000000 7000000 3263
pg12 7000000 8000000 1519
pg12 8000000 9000000 2413
pg12 9000000 10000000 3236
pg12 10000000 11000000 1435
pg12 11000000 12000000 4798
pg12 12000000 13000000 2308
pg12 13000000 14000000 1546
pg12 14000000 15000000 1710
pg12 15000000 16000000 1515
pg12 16000000 17000000 2845
pg12 17000000 18000000 562
pg12 18000000 19000000 793
pg12 19000000 20000000 732
pg12 20000000 21000000 386
pg12 21000000 22000000 3013
pg12 22000000 23000000 1214
pg12 23000000 24000000 2224
pg12 24000000 25000000 1576
pg12 25000000 26000000 3093
pg12 26000000 27000000 4655
pg12 27000000 28000000 4125
pg12 28000000 29000000 3175
pg12 29000000 30000000 3345
pg12 30000000 31000000 1331
pg12 31000000 32000000 3125
pg12 32000000 33000000 1171
pg12 33000000 34000000 3200
pg12 34000000 35000000 2970
pg12 35000000 36000000 2117
pg12 36000000 37000000 2178
pg12 37000000 38000000 6058
pg12 38000000 39000000 4477
pg12 39000000 40000000 3395
pg12 40000000 41000000 2917
pg12 41000000 42000000 2152
pg12 42000000 43000000 3591
pg12 43000000 44000000 2925
pg12 44000000 45000000 2410
pg12 45000000 46000000 1278
pg12 46000000 47000000 2214
pg12 47000000 48000000 2317
pg12 48000000 49000000 2587
pg12 49000000 50000000 3921
pg12 50000000 50438331 853
pg13 0 1000000 2360
pg13 1000000 2000000 1837
pg13 2000000 3000000 1732
pg13 3000000 4000000 2952
pg13 4000000 5000000 2520
pg13 5000000 6000000 2732
pg13 6000000 7000000 2618
pg13 7000000 8000000 692
pg13 8000000 9000000 4235
pg13 9000000 10000000 1267
pg13 10000000 11000000 735
pg13 11000000 12000000 1476
pg13 12000000 13000000 3789
pg13 13000000 14000000 3938
pg13 14000000 15000000 1123
pg13 15000000 16000000 1127
pg13 16000000 17000000 1377
pg13 17000000 18000000 2343
pg13 18000000 19000000 3695
pg13 19000000 20000000 3114
pg13 20000000 21000000 1677
pg13 21000000 22000000 1129
pg13 22000000 23000000 1478
pg13 23000000 24000000 402
pg13 24000000 25000000 208
pg13 25000000 26000000 5682
pg13 26000000 27000000 5787
pg13 27000000 28000000 5699
pg13 28000000 29000000 4005
pg13 29000000 30000000 3827
pg13 30000000 31000000 2409
pg13 31000000 32000000 1804
pg13 32000000 33000000 2259
pg13 33000000 34000000 5227
pg13 34000000 35000000 3493
pg13 35000000 36000000 2033
pg13 36000000 37000000 1224
pg13 37000000 38000000 2751
pg13 38000000 39000000 2428
pg13 39000000 40000000 2794
pg13 40000000 41000000 2135
pg13 41000000 42000000 2337
pg13 42000000 43000000 2401
pg13 43000000 44000000 1886
pg13 44000000 44396874 1705
pg14 0 1000000 3215
pg14 1000000 2000000 4967
pg14 2000000 3000000 1598
pg14 3000000 4000000 2634
pg14 4000000 5000000 1549
pg14 5000000 6000000 289
pg14 6000000 7000000 3481
pg14 7000000 8000000 3130
pg14 8000000 9000000 2895
pg14 9000000 10000000 3552
pg14 10000000 11000000 2482
pg14 11000000 12000000 909
pg14 12000000 13000000 2170
pg14 13000000 14000000 2606
pg14 14000000 15000000 1177
pg14 15000000 16000000 2963
pg14 16000000 17000000 1873
pg14 17000000 18000000 4167
pg14 18000000 19000000 4296
pg14 19000000 20000000 1778
pg14 20000000 21000000 2104
pg14 21000000 22000000 3830
pg14 22000000 23000000 3706
pg14 23000000 24000000 2567
pg14 24000000 25000000 1934
pg14 25000000 26000000 1859
pg14 26000000 27000000 3300
pg14 27000000 28000000 4083
pg14 28000000 29000000 1812
pg14 29000000 30000000 1093
pg14 30000000 31000000 2189
pg14 31000000 32000000 4442
pg14 32000000 33000000 3448
pg14 33000000 34000000 2515
pg14 34000000 35000000 3471
pg14 35000000 36000000 3909
pg14 36000000 37000000 5323
pg14 37000000 38000000 2520
pg14 38000000 39000000 1074
pg14 39000000 40000000 1781
pg14 40000000 41000000 2958
pg14 41000000 42000000 710
pg14 42000000 43000000 1806
pg14 43000000 44000000 1283
pg14 44000000 45000000 471
pg14 45000000 45393038 1362
pg15 0 1000000 1131
pg15 1000000 2000000 254
pg15 2000000 3000000 1653
pg15 3000000 4000000 367
pg15 4000000 5000000 1413
pg15 5000000 6000000 1368
pg15 6000000 7000000 1190
pg15 7000000 8000000 2052
pg15 8000000 9000000 788
pg15 9000000 10000000 863
pg15 10000000 11000000 1031
pg15 11000000 12000000 2403
pg15 12000000 13000000 799
pg15 13000000 14000000 3153
pg15 14000000 15000000 2365
pg15 15000000 16000000 3081
pg15 16000000 17000000 535
pg15 17000000 18000000 2046
pg15 18000000 19000000 1941
pg15 19000000 20000000 2298
pg15 20000000 21000000 674
pg15 21000000 22000000 2101
pg15 22000000 23000000 2646
pg15 23000000 24000000 1560
pg15 24000000 25000000 3086
pg15 25000000 26000000 1477
pg15 26000000 27000000 2190
pg15 27000000 28000000 1696
pg15 28000000 29000000 1924
pg15 29000000 30000000 256
pg15 30000000 31000000 1547
pg15 31000000 32000000 1247
pg15 32000000 33000000 2743
pg15 33000000 34000000 1001
pg15 34000000 35000000 3340
pg15 35000000 36000000 4066
pg15 36000000 37000000 1094
pg15 37000000 38000000 2236
pg15 38000000 39000000 1067
pg15 39000000 40000000 3422
pg15 40000000 41000000 1119
pg15 41000000 42000000 741
pg15 42000000 43000000 2972
pg15 43000000 44000000 3033
pg15 44000000 45000000 1503
pg15 45000000 46000000 1868
pg15 46000000 47000000 1608
pg15 47000000 47938513 995
pg16 0 1000000 3276
pg16 1000000 2000000 4700
pg16 2000000 3000000 3985
pg16 3000000 4000000 1073
pg16 4000000 5000000 1319
pg16 5000000 6000000 1506
pg16 6000000 7000000 55
pg16 7000000 8000000 880
pg16 8000000 9000000 2749
pg16 9000000 10000000 2001
pg16 10000000 11000000 3860
pg16 11000000 12000000 1609
pg16 12000000 13000000 2858
pg16 13000000 14000000 1880
pg16 14000000 15000000 3862
pg16 15000000 16000000 3727
pg16 16000000 17000000 3583
pg16 17000000 18000000 3000
pg16 18000000 19000000 1181
pg16 19000000 20000000 521
pg16 20000000 21000000 1240
pg16 21000000 22000000 543
pg16 22000000 23000000 1654
pg16 23000000 24000000 1522
pg16 24000000 25000000 2628
pg16 25000000 26000000 1339
pg16 26000000 27000000 2028
pg16 27000000 28000000 1220
pg16 28000000 29000000 2226
pg16 29000000 30000000 1585
pg16 30000000 31000000 3254
pg16 31000000 31980953 2649
pg17 0 1000000 1578
pg17 1000000 2000000 3647
pg17 2000000 3000000 1087
pg17 3000000 4000000 674
pg17 4000000 5000000 2206
pg17 5000000 6000000 4957
pg17 6000000 7000000 1539
pg17 7000000 8000000 2386
pg17 8000000 9000000 2397
pg17 9000000 10000000 2482
pg17 10000000 11000000 2753
pg17 11000000 12000000 2735
pg17 12000000 13000000 3809
pg17 13000000 14000000 4051
pg17 14000000 15000000 2900
pg17 15000000 16000000 4850
pg17 16000000 17000000 1964
pg17 17000000 18000000 597
pg17 18000000 19000000 1113
pg17 19000000 20000000 1847
pg17 20000000 21000000 2307
pg17 21000000 22000000 1504
pg17 22000000 23000000 929
pg17 23000000 24000000 1923
pg17 24000000 25000000 1795
pg17 25000000 26000000 3656
pg17 26000000 27000000 933
pg17 27000000 28000000 1944
pg17 28000000 29000000 3968
pg17 29000000 30000000 3076
pg17 30000000 31000000 971
pg17 31000000 32000000 799
pg17 32000000 33000000 249
pg17 33000000 34000000 1537
pg17 34000000 34923512 847
pg18 0 1000000 1424
pg18 1000000 2000000 1474
pg18 2000000 3000000 2719
pg18 3000000 4000000 1101
pg18 4000000 5000000 1010
pg18 5000000 6000000 1445
pg18 6000000 7000000 2112
pg18 7000000 8000000 1075
pg18 8000000 9000000 1165
pg18 9000000 10000000 3183
pg18 10000000 11000000 3789
pg18 11000000 12000000 3518
pg18 12000000 13000000 1651
pg18 13000000 14000000 2557
pg18 14000000 15000000 1168
pg18 15000000 16000000 1826
pg18 16000000 17000000 1102
pg18 17000000 18000000 1864
pg18 18000000 19000000 2124
pg18 19000000 20000000 1575
pg18 20000000 21000000 2029
pg18 21000000 22000000 339
pg18 22000000 23000000 1319
pg18 23000000 24000000 1118
pg18 24000000 25000000 977
pg18 25000000 26000000 1187
pg18 26000000 27000000 29
pg18 27000000 27737463 235
