pg1 0 1000000 46
pg1 1000000 2000000 51
pg1 2000000 3000000 44
pg1 3000000 4000000 52
pg1 4000000 5000000 27
pg1 5000000 6000000 28
pg1 6000000 7000000 36
pg1 7000000 8000000 34
pg1 8000000 9000000 39
pg1 9000000 10000000 32
pg1 10000000 11000000 34
pg1 11000000 12000000 47
pg1 12000000 13000000 42
pg1 13000000 14000000 43
pg1 14000000 15000000 34
pg1 15000000 16000000 47
pg1 16000000 17000000 50
pg1 17000000 18000000 47
pg1 18000000 19000000 28
pg1 19000000 20000000 44
pg1 20000000 21000000 24
pg1 21000000 22000000 31
pg1 22000000 23000000 32
pg1 23000000 24000000 36
pg1 24000000 25000000 30
pg1 25000000 26000000 33
pg1 26000000 27000000 36
pg1 27000000 28000000 38
pg1 28000000 29000000 53
pg1 29000000 30000000 47
pg1 30000000 31000000 36
pg1 31000000 32000000 42
pg1 32000000 33000000 37
pg1 33000000 34000000 34
pg1 34000000 35000000 47
pg1 35000000 36000000 40
pg1 36000000 37000000 32
pg1 37000000 38000000 36
pg1 38000000 39000000 28
pg1 39000000 40000000 34
pg1 40000000 41000000 40
pg1 41000000 42000000 20
pg1 42000000 43000000 33
pg1 43000000 44000000 38
pg1 44000000 45000000 32
pg1 45000000 46000000 20
pg1 46000000 47000000 46
pg1 47000000 48000000 30
pg1 48000000 49000000 36
pg1 49000000 50000000 38
pg1 50000000 51000000 37
pg1 51000000 52000000 33
pg1 52000000 53000000 28
pg1 53000000 54000000 26
pg1 54000000 55000000 36
pg1 55000000 56000000 36
pg1 56000000 57000000 62
pg1 57000000 58000000 38
pg1 58000000 59000000 24
pg1 59000000 60000000 37
pg1 60000000 61000000 33
pg1 61000000 62000000 39
pg1 62000000 63000000 25
pg1 63000000 64000000 21
pg1 64000000 65000000 41
pg1 65000000 66000000 31
pg1 66000000 67000000 42
pg1 67000000 68000000 26
pg1 68000000 69000000 30
pg1 69000000 70000000 32
pg1 70000000 71000000 41
pg1 71000000 72000000 40
pg1 72000000 73000000 40
pg1 73000000 74000000 35
pg1 74000000 75000000 35
pg1 75000000 76000000 30
pg1 76000000 77000000 47
pg1 77000000 78000000 38
pg1 78000000 79000000 32
pg1 79000000 80000000 60
pg1 80000000 81000000 35
pg1 81000000 82000000 47
pg1 82000000 83000000 41
pg1 83000000 84000000 42
pg1 84000000 85000000 36
pg1 85000000 86000000 37
pg1 86000000 87000000 44
pg1 87000000 88000000 54
pg1 88000000 89000000 59
pg1 89000000 89643857 27
pg2 0 1000000 26
pg2 1000000 2000000 36
pg2 2000000 3000000 25
pg2 3000000 4000000 31
pg2 4000000 5000000 46
pg2 5000000 6000000 37
pg2 6000000 7000000 47
pg2 7000000 8000000 34
pg2 8000000 9000000 49
pg2 9000000 10000000 40
pg2 10000000 11000000 28
pg2 11000000 12000000 30
pg2 12000000 13000000 38
pg2 13000000 14000000 39
pg2 14000000 15000000 35
pg2 15000000 16000000 26
pg2 16000000 17000000 46
pg2 17000000 18000000 36
pg2 18000000 19000000 24
pg2 19000000 20000000 41
pg2 20000000 21000000 35
pg2 21000000 22000000 45
pg2 22000000 23000000 21
pg2 23000000 24000000 35
pg2 24000000 25000000 46
pg2 25000000 26000000 31
pg2 26000000 27000000 25
pg2 27000000 28000000 43
pg2 28000000 29000000 30
pg2 29000000 30000000 36
pg2 30000000 31000000 36
pg2 31000000 32000000 45
pg2 32000000 33000000 31
pg2 33000000 34000000 26
pg2 34000000 35000000 36
pg2 35000000 36000000 32
pg2 36000000 37000000 37
pg2 37000000 38000000 40
pg2 38000000 39000000 51
pg2 39000000 40000000 26
pg2 40000000 41000000 51
pg2 41000000 42000000 34
pg2 42000000 43000000 33
pg2 43000000 44000000 41
pg2 44000000 45000000 39
pg2 45000000 46000000 48
pg2 46000000 47000000 28
pg2 47000000 48000000 36
pg2 48000000 49000000 31
pg2 49000000 50000000 40
pg2 50000000 51000000 35
pg2 51000000 52000000 23
pg2 52000000 53000000 37
pg2 53000000 54000000 61
pg2 54000000 55000000 28
pg2 55000000 56000000 45
pg2 56000000 57000000 50
pg2 57000000 58000000 26
pg2 58000000 59000000 27
pg2 59000000 60000000 42
pg2 60000000 61000000 34
pg2 61000000 62000000 33
pg2 62000000 63000000 40
pg2 63000000 64000000 22
pg2 64000000 65000000 26
pg2 65000000 66000000 22
pg2 66000000 67000000 40
pg2 67000000 68000000 45
pg2 68000000 69000000 40
pg2 69000000 69596280 30
pg3 0 1000000 36
pg3 1000000 2000000 37
pg3 2000000 3000000 28
pg3 3000000 4000000 36
pg3 4000000 5000000 30
pg3 5000000 6000000 30
pg3 6000000 7000000 28
pg3 7000000 8000000 38
pg3 8000000 9000000 37
pg3 9000000 10000000 38
pg3 10000000 11000000 40
pg3 11000000 12000000 34
pg3 12000000 13000000 40
pg3 13000000 14000000 34
pg3 14000000 15000000 37
pg3 15000000 16000000 53
pg3 16000000 17000000 46
pg3 17000000 18000000 32
pg3 18000000 19000000 22
pg3 19000000 20000000 31
pg3 20000000 21000000 44
pg3 21000000 22000000 37
pg3 22000000 23000000 28
pg3 23000000 24000000 33
pg3 24000000 25000000 44
pg3 25000000 26000000 39
pg3 26000000 27000000 32
pg3 27000000 28000000 49
pg3 28000000 29000000 33
pg3 29000000 30000000 42
pg3 30000000 31000000 21
pg3 31000000 32000000 35
pg3 32000000 33000000 51
pg3 33000000 34000000 38
pg3 34000000 35000000 27
pg3 35000000 36000000 31
pg3 36000000 37000000 28
pg3 37000000 38000000 32
pg3 38000000 39000000 47
pg3 39000000 40000000 31
pg3 40000000 41000000 40
pg3 41000000 42000000 43
pg3 42000000 43000000 34
pg3 43000000 44000000 29
pg3 44000000 45000000 26
pg3 45000000 46000000 36
pg3 46000000 47000000 14
pg3 47000000 48000000 36
pg3 48000000 49000000 26
pg3 49000000 50000000 35
pg3 50000000 51000000 42
pg3 51000000 52000000 40
pg3 52000000 53000000 32
pg3 53000000 54000000 36
pg3 54000000 55000000 47
pg3 55000000 56000000 39
pg3 56000000 57000000 41
pg3 57000000 57743597 24
pg4 0 1000000 40
pg4 1000000 2000000 44
pg4 2000000 3000000 42
pg4 3000000 4000000 45
pg4 4000000 5000000 41
pg4 5000000 6000000 33
pg4 6000000 7000000 41
pg4 7000000 8000000 47
pg4 8000000 9000000 34
pg4 9000000 10000000 46
pg4 10000000 11000000 51
pg4 11000000 12000000 51
pg4 12000000 13000000 34
pg4 13000000 14000000 47
pg4 14000000 15000000 28
pg4 15000000 16000000 52
pg4 16000000 17000000 43
pg4 17000000 18000000 28
pg4 18000000 19000000 35
pg4 19000000 20000000 34
pg4 20000000 21000000 45
pg4 21000000 22000000 34
pg4 22000000 23000000 44
pg4 23000000 24000000 45
pg4 24000000 25000000 37
pg4 25000000 26000000 32
pg4 26000000 27000000 30
pg4 27000000 28000000 35
pg4 28000000 29000000 28
pg4 29000000 30000000 35
pg4 30000000 31000000 48
pg4 31000000 32000000 49
pg4 32000000 33000000 45
pg4 33000000 34000000 47
pg4 34000000 35000000 32
pg4 35000000 36000000 41
pg4 36000000 37000000 39
pg4 37000000 38000000 28
pg4 38000000 39000000 32
pg4 39000000 40000000 38
pg4 40000000 41000000 50
pg4 41000000 42000000 18
pg4 42000000 43000000 30
pg4 43000000 44000000 48
pg4 44000000 45000000 28
pg4 45000000 46000000 39
pg4 46000000 47000000 48
pg4 47000000 48000000 34
pg4 48000000 49000000 30
pg4 49000000 50000000 51
pg4 50000000 51000000 56
pg4 51000000 52000000 16
pg4 52000000 53000000 33
pg4 53000000 54000000 43
pg4 54000000 55000000 49
pg4 55000000 56000000 47
pg4 56000000 57000000 44
pg4 57000000 58000000 57
pg4 58000000 59000000 33
pg4 59000000 60000000 38
pg4 60000000 61000000 35
pg4 61000000 62000000 36
pg4 62000000 63000000 47
pg4 63000000 64000000 35
pg4 64000000 65000000 39
pg4 65000000 65288255 10
pg5 0 1000000 30
pg5 1000000 2000000 37
pg5 2000000 3000000 46
pg5 3000000 4000000 32
pg5 4000000 5000000 25
pg5 5000000 6000000 55
pg5 6000000 7000000 43
pg5 7000000 8000000 49
pg5 8000000 9000000 46
pg5 9000000 10000000 46
pg5 10000000 11000000 46
pg5 11000000 12000000 44
pg5 12000000 13000000 31
pg5 13000000 14000000 43
pg5 14000000 15000000 46
pg5 15000000 16000000 39
pg5 16000000 17000000 30
pg5 17000000 18000000 24
pg5 18000000 19000000 43
pg5 19000000 20000000 31
pg5 20000000 21000000 38
pg5 21000000 22000000 31
pg5 22000000 23000000 25
pg5 23000000 24000000 28
pg5 24000000 25000000 52
pg5 25000000 26000000 40
pg5 26000000 27000000 35
pg5 27000000 28000000 36
pg5 28000000 29000000 27
pg5 29000000 30000000 32
pg5 30000000 31000000 34
pg5 31000000 32000000 33
pg5 32000000 33000000 37
pg5 33000000 34000000 56
pg5 34000000 35000000 33
pg5 35000000 36000000 25
pg5 36000000 37000000 28
pg5 37000000 38000000 34
pg5 38000000 39000000 41
pg5 39000000 40000000 33
pg5 40000000 41000000 44
pg5 41000000 42000000 32
pg5 42000000 43000000 40
pg5 43000000 44000000 33
pg5 44000000 45000000 26
pg5 45000000 46000000 40
pg5 46000000 47000000 47
pg5 47000000 48000000 43
pg5 48000000 49000000 51
pg5 49000000 50000000 29
pg5 50000000 51000000 40
pg5 51000000 52000000 35
pg5 52000000 53000000 34
pg5 53000000 54000000 31
pg5 54000000 55000000 40
pg5 55000000 56000000 38
pg5 56000000 57000000 44
pg5 57000000 58000000 34
pg5 58000000 59000000 32
pg5 59000000 60000000 39
pg5 60000000 61000000 46
pg5 61000000 62000000 47
pg5 62000000 63000000 47
pg5 63000000 64000000 42
pg5 64000000 65000000 36
pg5 65000000 66000000 25
pg5 66000000 67000000 42
pg5 67000000 67248332 13
pg6 0 1000000 44
pg6 1000000 2000000 27
pg6 2000000 3000000 48
pg6 3000000 4000000 39
pg6 4000000 5000000 45
pg6 5000000 6000000 33
pg6 6000000 7000000 39
pg6 7000000 8000000 33
pg6 8000000 9000000 47
pg6 9000000 10000000 47
pg6 10000000 11000000 54
pg6 11000000 12000000 45
pg6 12000000 13000000 33
pg6 13000000 14000000 43
pg6 14000000 15000000 45
pg6 15000000 16000000 42
pg6 16000000 17000000 34
pg6 17000000 18000000 43
pg6 18000000 19000000 31
pg6 19000000 20000000 65
pg6 20000000 21000000 39
pg6 21000000 22000000 37
pg6 22000000 23000000 49
pg6 23000000 24000000 36
pg6 24000000 25000000 48
pg6 25000000 26000000 35
pg6 26000000 27000000 31
pg6 27000000 28000000 33
pg6 28000000 29000000 58
pg6 29000000 30000000 37
pg6 30000000 31000000 40
pg6 31000000 32000000 32
pg6 32000000 33000000 27
pg6 33000000 34000000 21
pg6 34000000 35000000 33
pg6 35000000 36000000 34
pg6 36000000 37000000 26
pg6 37000000 38000000 53
pg6 38000000 39000000 42
pg6 39000000 40000000 39
pg6 40000000 41000000 27
pg6 41000000 42000000 51
pg6 42000000 43000000 43
pg6 43000000 44000000 34
pg6 44000000 45000000 55
pg6 45000000 46000000 29
pg6 46000000 47000000 32
pg6 47000000 48000000 34
pg6 48000000 49000000 28
pg6 49000000 50000000 26
pg6 50000000 51000000 37
pg6 51000000 52000000 52
pg6 52000000 53000000 43
pg6 53000000 54000000 46
pg6 54000000 55000000 36
pg6 55000000 56000000 35
pg6 56000000 57000000 37
pg6 57000000 58000000 40
pg6 58000000 59000000 40
pg6 59000000 60000000 44
pg6 60000000 61000000 32
pg6 61000000 61759565 20
pg7 0 1000000 37
pg7 1000000 2000000 32
pg7 2000000 3000000 39
pg7 3000000 4000000 44
pg7 4000000 5000000 42
pg7 5000000 6000000 32
pg7 6000000 7000000 28
pg7 7000000 8000000 34
pg7 8000000 9000000 37
pg7 9000000 10000000 35
pg7 10000000 11000000 40
pg7 11000000 12000000 32
pg7 12000000 13000000 55
pg7 13000000 14000000 36
pg7 14000000 15000000 50
pg7 15000000 16000000 25
pg7 16000000 17000000 35
pg7 17000000 18000000 32
pg7 18000000 19000000 30
pg7 19000000 20000000 28
pg7 20000000 21000000 33
pg7 21000000 22000000 43
pg7 22000000 23000000 38
pg7 23000000 24000000 38
pg7 24000000 25000000 37
pg7 25000000 26000000 37
pg7 26000000 27000000 32
pg7 27000000 28000000 35
pg7 28000000 29000000 51
pg7 29000000 30000000 38
pg7 30000000 31000000 38
pg7 31000000 32000000 33
pg7 32000000 33000000 37
pg7 33000000 34000000 43
pg7 34000000 35000000 33
pg7 35000000 36000000 33
pg7 36000000 37000000 30
pg7 37000000 38000000 40
pg7 38000000 39000000 28
pg7 39000000 40000000 43
pg7 40000000 41000000 44
pg7 41000000 42000000 30
pg7 42000000 43000000 29
pg7 43000000 43120122 16
pg8 0 1000000 36
pg8 1000000 2000000 37
pg8 2000000 3000000 45
pg8 3000000 4000000 17
pg8 4000000 5000000 24
pg8 5000000 6000000 37
pg8 6000000 7000000 39
pg8 7000000 8000000 40
pg8 8000000 9000000 38
pg8 9000000 10000000 32
pg8 10000000 11000000 28
pg8 11000000 12000000 41
pg8 12000000 13000000 24
pg8 13000000 14000000 32
pg8 14000000 15000000 37
pg8 15000000 16000000 38
pg8 16000000 17000000 29
pg8 17000000 18000000 57
pg8 18000000 19000000 38
pg8 19000000 20000000 43
pg8 20000000 21000000 37
pg8 21000000 22000000 36
pg8 22000000 23000000 32
pg8 23000000 24000000 41
pg8 24000000 25000000 35
pg8 25000000 26000000 32
pg8 26000000 27000000 35
pg8 27000000 28000000 40
pg8 28000000 29000000 54
pg8 29000000 30000000 35
pg8 30000000 31000000 43
pg8 31000000 32000000 35
pg8 32000000 33000000 47
pg8 33000000 34000000 43
pg8 34000000 35000000 36
pg8 35000000 36000000 42
pg8 36000000 37000000 32
pg8 37000000 38000000 49
pg8 38000000 39000000 39
pg8 39000000 40000000 48
pg8 40000000 41000000 34
pg8 41000000 42000000 40
pg8 42000000 43000000 27
pg8 43000000 44000000 39
pg8 44000000 45000000 44
pg8 45000000 46000000 41
pg8 46000000 47000000 45
pg8 47000000 48000000 34
pg8 48000000 49000000 35
pg8 49000000 50000000 27
pg8 50000000 51000000 28
pg8 51000000 52000000 32
pg8 52000000 53000000 31
pg8 53000000 54000000 46
pg8 54000000 55000000 25
pg8 55000000 56000000 33
pg8 56000000 57000000 49
pg8 57000000 58000000 36
pg8 58000000 59000000 57
pg8 59000000 60000000 27
pg8 60000000 61000000 51
pg8 61000000 61151155 9
pg9 0 1000000 29
pg9 1000000 2000000 39
pg9 2000000 3000000 52
pg9 3000000 4000000 43
pg9 4000000 5000000 35
pg9 5000000 6000000 26
pg9 6000000 7000000 32
pg9 7000000 8000000 34
pg9 8000000 9000000 28
pg9 9000000 10000000 36
pg9 10000000 11000000 40
pg9 11000000 12000000 27
pg9 12000000 13000000 34
pg9 13000000 14000000 34
pg9 14000000 15000000 39
pg9 15000000 16000000 39
pg9 16000000 17000000 44
pg9 17000000 18000000 21
pg9 18000000 19000000 29
pg9 19000000 20000000 29
pg9 20000000 21000000 35
pg9 21000000 22000000 31
pg9 22000000 23000000 15
pg9 23000000 24000000 36
pg9 24000000 25000000 54
pg9 25000000 26000000 22
pg9 26000000 27000000 38
pg9 27000000 28000000 24
pg9 28000000 29000000 22
pg9 29000000 30000000 35
pg9 30000000 31000000 31
pg9 31000000 32000000 44
pg9 32000000 33000000 43
pg9 33000000 34000000 46
pg9 34000000 35000000 26
pg9 35000000 36000000 39
pg9 36000000 37000000 52
pg9 37000000 38000000 27
pg9 38000000 38581958 24
pg10 0 1000000 56
pg10 1000000 2000000 42
pg10 2000000 3000000 21
pg10 3000000 4000000 23
pg10 4000000 5000000 38
pg10 5000000 6000000 26
pg10 6000000 7000000 33
pg10 7000000 8000000 27
pg10 8000000 9000000 48
pg10 9000000 10000000 46
pg10 10000000 11000000 50
pg10 11000000 12000000 46
pg10 12000000 13000000 29
pg10 13000000 14000000 30
pg10 14000000 15000000 30
pg10 15000000 16000000 30
pg10 16000000 17000000 45
pg10 17000000 18000000 30
pg10 18000000 19000000 57
pg10 19000000 20000000 31
pg10 20000000 21000000 24
pg10 21000000 22000000 45
pg10 22000000 23000000 48
pg10 23000000 24000000 43
pg10 24000000 25000000 41
pg10 25000000 26000000 40
pg10 26000000 27000000 33
pg10 27000000 28000000 33
pg10 28000000 29000000 37
pg10 29000000 30000000 48
pg10 30000000 31000000 40
pg10 31000000 32000000 35
pg10 32000000 33000000 33
pg10 33000000 34000000 41
pg10 34000000 35000000 42
pg10 35000000 36000000 44
pg10 36000000 37000000 37
pg10 37000000 38000000 39
pg10 38000000 39000000 35
pg10 39000000 40000000 32
pg10 40000000 41000000 28
pg10 41000000 42000000 59
pg10 42000000 43000000 38
pg10 43000000 44000000 40
pg10 44000000 45000000 38
pg10 45000000 46000000 52
pg10 46000000 47000000 42
pg10 47000000 48000000 47
pg10 48000000 49000000 34
pg10 49000000 50000000 41
pg10 50000000 51000000 35
pg10 51000000 52000000 34
pg10 52000000 53000000 38
pg10 53000000 53961475 25
pg11 0 1000000 27
pg11 1000000 2000000 39
pg11 2000000 3000000 28
pg11 3000000 4000000 19
pg11 4000000 5000000 16
pg11 5000000 6000000 37
pg11 6000000 7000000 44
pg11 7000000 8000000 30
pg11 8000000 9000000 22
pg11 9000000 10000000 41
pg11 10000000 11000000 52
pg11 11000000 12000000 38
pg11 12000000 13000000 35
pg11 13000000 14000000 26
pg11 14000000 15000000 38
pg11 15000000 16000000 26
pg11 16000000 17000000 29
pg11 17000000 18000000 39
pg11 18000000 19000000 34
pg11 19000000 20000000 28
pg11 20000000 21000000 37
pg11 21000000 22000000 27
pg11 22000000 23000000 33
pg11 23000000 24000000 28
pg11 24000000 25000000 33
pg11 25000000 26000000 54
pg11 26000000 27000000 39
pg11 27000000 28000000 36
pg11 28000000 29000000 42
pg11 29000000 30000000 40
pg11 30000000 31000000 38
pg11 31000000 32000000 33
pg11 32000000 33000000 31
pg11 33000000 34000000 34
pg11 34000000 35000000 31
pg11 35000000 36000000 32
pg11 36000000 37000000 41
pg11 37000000 38000000 33
pg11 38000000 39000000 22
pg11 39000000 40000000 32
pg11 40000000 41000000 44
pg11 41000000 42000000 39
pg11 42000000 43000000 41
pg11 43000000 44000000 44
pg11 44000000 45000000 35
pg11 45000000 46000000 39
pg11 46000000 47000000 48
pg11 47000000 48000000 33
pg11 48000000 49000000 34
pg11 49000000 50000000 40
pg11 50000000 51000000 29
pg11 51000000 51449921 20
pg12 0 1000000 31
pg12 1000000 2000000 45
pg12 2000000 3000000 47
pg12 3000000 4000000 45
pg12 4000000 5000000 28
pg12 5000000 6000000 34
pg12 6000000 7000000 48
pg12 7000000 8000000 31
pg12 8000000 9000000 43
pg12 9000000 10000000 33
pg12 10000000 11000000 45
pg12 11000000 12000000 34
pg12 12000000 13000000 41
pg12 13000000 14000000 37
pg12 14000000 15000000 33
pg12 15000000 16000000 51
pg12 16000000 17000000 22
pg12 17000000 18000000 32
pg12 18000000 19000000 28
pg12 19000000 20000000 20
pg12 20000000 21000000 19
pg12 21000000 22000000 37
pg12 22000000 23000000 37
pg12 23000000 24000000 31
pg12 24000000 25000000 26
pg12 25000000 26000000 30
pg12 26000000 27000000 38
pg12 27000000 28000000 27
pg12 28000000 29000000 36
pg12 29000000 30000000 29
pg12 30000000 31000000 28
pg12 31000000 32000000 31
pg12 32000000 33000000 39
pg12 33000000 34000000 30
pg12 34000000 35000000 31
pg12 35000000 36000000 36
pg12 36000000 37000000 27
pg12 37000000 38000000 20
pg12 38000000 39000000 52
pg12 39000000 40000000 34
pg12 40000000 41000000 31
pg12 41000000 42000000 50
pg12 42000000 43000000 41
pg12 43000000 44000000 32
pg12 44000000 45000000 25
pg12 45000000 46000000 29
pg12 46000000 47000000 23
pg12 47000000 48000000 48
pg12 48000000 49000000 40
pg12 49000000 50000000 35
pg12 50000000 50438331 24
pg13 0 1000000 55
pg13 1000000 2000000 51
pg13 2000000 3000000 27
pg13 3000000 4000000 32
pg13 4000000 5000000 26
pg13 5000000 6000000 45
pg13 6000000 7000000 33
pg13 7000000 8000000 43
pg13 8000000 9000000 30
pg13 9000000 10000000 33
pg13 10000000 11000000 27
pg13 11000000 12000000 37
pg13 12000000 13000000 57
pg13 13000000 14000000 34
pg13 14000000 15000000 24
pg13 15000000 16000000 39
pg13 16000000 17000000 41
pg13 17000000 18000000 46
pg13 18000000 19000000 36
pg13 19000000 20000000 29
pg13 20000000 21000000 30
pg13 21000000 22000000 28
pg13 22000000 23000000 35
pg13 23000000 24000000 50
pg13 24000000 25000000 34
pg13 25000000 26000000 37
pg13 26000000 27000000 45
pg13 27000000 28000000 25
pg13 28000000 29000000 50
pg13 29000000 30000000 35
pg13 30000000 31000000 39
pg13 31000000 32000000 35
pg13 32000000 33000000 34
pg13 33000000 34000000 43
pg13 34000000 35000000 39
pg13 35000000 36000000 41
pg13 36000000 37000000 31
pg13 37000000 38000000 25
pg13 38000000 39000000 41
pg13 39000000 40000000 37
pg13 40000000 41000000 47
pg13 41000000 42000000 24
pg13 42000000 43000000 44
pg13 43000000 44000000 24
pg13 44000000 44396874 18
pg14 0 1000000 62
pg14 1000000 2000000 39
pg14 2000000 3000000 44
pg14 3000000 4000000 49
pg14 4000000 5000000 36
pg14 5000000 6000000 56
pg14 6000000 7000000 55
pg14 7000000 8000000 34
pg14 8000000 9000000 36
pg14 9000000 10000000 46
pg14 10000000 11000000 46
pg14 11000000 12000000 29
pg14 12000000 13000000 46
pg14 13000000 14000000 52
pg14 14000000 15000000 38
pg14 15000000 16000000 46
pg14 16000000 17000000 42
pg14 17000000 18000000 37
pg14 18000000 19000000 36
pg14 19000000 20000000 26
pg14 20000000 21000000 50
pg14 21000000 22000000 42
pg14 22000000 23000000 36
pg14 23000000 24000000 49
pg14 24000000 25000000 72
pg14 25000000 26000000 51
pg14 26000000 27000000 52
pg14 27000000 28000000 53
pg14 28000000 29000000 51
pg14 29000000 30000000 46
pg14 30000000 31000000 42
pg14 31000000 32000000 42
pg14 32000000 33000000 51
pg14 33000000 34000000 45
pg14 34000000 35000000 51
pg14 35000000 36000000 46
pg14 36000000 37000000 47
pg14 37000000 38000000 57
pg14 38000000 39000000 37
pg14 39000000 40000000 57
pg14 40000000 41000000 31
pg14 41000000 42000000 37
pg14 42000000 43000000 46
pg14 43000000 44000000 79
pg14 44000000 45000000 107
pg14 45000000 45393038 20
pg15 0 1000000 43
pg15 1000000 2000000 20
pg15 2000000 3000000 40
pg15 3000000 4000000 44
pg15 4000000 5000000 44
pg15 5000000 6000000 32
pg15 6000000 7000000 50
pg15 7000000 8000000 54
pg15 8000000 9000000 40
pg15 9000000 10000000 45
pg15 10000000 11000000 31
pg15 11000000 12000000 30
pg15 12000000 13000000 46
pg15 13000000 14000000 39
pg15 14000000 15000000 54
pg15 15000000 16000000 30
pg15 16000000 17000000 15
pg15 17000000 18000000 42
pg15 18000000 19000000 65
pg15 19000000 20000000 38
pg15 20000000 21000000 32
pg15 21000000 22000000 42
pg15 22000000 23000000 50
pg15 23000000 24000000 47
pg15 24000000 25000000 30
pg15 25000000 26000000 50
pg15 26000000 27000000 42
pg15 27000000 28000000 36
pg15 28000000 29000000 33
pg15 29000000 30000000 23
pg15 30000000 31000000 30
pg15 31000000 32000000 53
pg15 32000000 33000000 30
pg15 33000000 34000000 34
pg15 34000000 35000000 41
pg15 35000000 36000000 35
pg15 36000000 37000000 39
pg15 37000000 38000000 46
pg15 38000000 39000000 41
pg15 39000000 40000000 30
pg15 40000000 41000000 42
pg15 41000000 42000000 37
pg15 42000000 43000000 37
pg15 43000000 44000000 34
pg15 44000000 45000000 49
pg15 45000000 46000000 44
pg15 46000000 47000000 49
pg15 47000000 47938513 44
pg16 0 1000000 33
pg16 1000000 2000000 29
pg16 2000000 3000000 30
pg16 3000000 4000000 34
pg16 4000000 5000000 48
pg16 5000000 6000000 37
pg16 6000000 7000000 22
pg16 7000000 8000000 46
pg16 8000000 9000000 34
pg16 9000000 10000000 42
pg16 10000000 11000000 38
pg16 11000000 12000000 39
pg16 12000000 13000000 38
pg16 13000000 14000000 38
pg16 14000000 15000000 36
pg16 15000000 16000000 49
pg16 16000000 17000000 39
pg16 17000000 18000000 40
pg16 18000000 19000000 30
pg16 19000000 20000000 18
pg16 20000000 21000000 31
pg16 21000000 22000000 27
pg16 22000000 23000000 33
pg16 23000000 24000000 42
pg16 24000000 25000000 39
pg16 25000000 26000000 45
pg16 26000000 27000000 36
pg16 27000000 28000000 40
pg16 28000000 29000000 34
pg16 29000000 30000000 38
pg16 30000000 31000000 45
pg16 31000000 31980953 42
pg17 0 1000000 41
pg17 1000000 2000000 24
pg17 2000000 3000000 27
pg17 3000000 4000000 26
pg17 4000000 5000000 39
pg17 5000000 6000000 20
pg17 6000000 7000000 37
pg17 7000000 8000000 33
pg17 8000000 9000000 41
pg17 9000000 10000000 24
pg17 10000000 11000000 34
pg17 11000000 12000000 33
pg17 12000000 13000000 33
pg17 13000000 14000000 34
pg17 14000000 15000000 26
pg17 15000000 16000000 27
pg17 16000000 17000000 34
pg17 17000000 18000000 36
pg17 18000000 19000000 36
pg17 19000000 20000000 36
pg17 20000000 21000000 32
pg17 21000000 22000000 29
pg17 22000000 23000000 30
pg17 23000000 24000000 26
pg17 24000000 25000000 42
pg17 25000000 26000000 20
pg17 26000000 27000000 52
pg17 27000000 28000000 44
pg17 28000000 29000000 30
pg17 29000000 30000000 43
pg17 30000000 31000000 29
pg17 31000000 32000000 47
pg17 32000000 33000000 49
pg17 33000000 34000000 35
pg17 34000000 34923512 38
pg18 0 1000000 27
pg18 1000000 2000000 24
pg18 2000000 3000000 23
pg18 3000000 4000000 35
pg18 4000000 5000000 49
pg18 5000000 6000000 42
pg18 6000000 7000000 42
pg18 7000000 8000000 35
pg18 8000000 9000000 45
pg18 9000000 10000000 51
pg18 10000000 11000000 39
pg18 11000000 12000000 40
pg18 12000000 13000000 33
pg18 13000000 14000000 35
pg18 14000000 15000000 44
pg18 15000000 16000000 41
pg18 16000000 17000000 29
pg18 17000000 18000000 46
pg18 18000000 19000000 46
pg18 19000000 20000000 40
pg18 20000000 21000000 24
pg18 21000000 22000000 25
pg18 22000000 23000000 47
pg18 23000000 24000000 36
pg18 24000000 25000000 38
pg18 25000000 26000000 37
pg18 26000000 27000000 36
pg18 27000000 27737463 25
